10[5] 28[5] 108[1] 132[4] 172[3] 192[1] 212[5] 261[5] 275[6] -1 10[1] 11[2] 28[1] 34[4] 132[5] 192[1] 212[3] 275[5] 315[1] -1 10[6] 28[1] 44[2] 85[2] 140[1] 196[6] 212[5] 229[3] 296[3] -1 10[4] 28[6] 34[3] 103[2] 132[5] 159[3] 208[6] 229[2] 270[5] -1 10[6] 15[1] 28[6] 44[5] 187[4] 229[3] 270[1] 288[1] 296[4] -1 1[6] 3[1] 10[3] 32[1] 44[2] 97[5] 159[3] 169[1] 270[1] -1 1[4] 3[6] 10[6] 11[2] 132[4] 163[2] 169[6] 241[1] 270[3] -1 3[1] 10[3] 44[3] 103[6] 106[6] 115[3] 139[3] 212[4] 261[2] -1 10[6] 44[2] 106[4] 138[1] 148[6] 159[2] 177[1] 270[1] 280[5] -1 -2  SUtility:270
10[4] 44[6] 67[6] 93[5] 97[3] 139[5] 212[1] 229[1] 261[1] -1 1[5] 10[5] 44[5] 62[3] 93[3] 164[3] 212[6] 229[6] 236[4] -1 10[1] 44[2] 93[3] 97[1] 131[1] 140[5] 206[3] 212[4] 229[2] -1 10[5] 44[3] 70[4] 93[5] 97[2] 116[4] 187[1] 212[5] 229[5] -1 10[5] 28[2] 103[4] 132[4] 161[4] 192[6] 212[4] 269[1] 280[6] -1 10[4] 28[2] 103[2] 132[4] 161[6] 192[2] 212[4] 269[5] 280[3] -1 10[3] 44[1] 70[5] 93[2] 97[1] 116[5] 187[5] 212[4] 229[4] -1 1[5] 10[6] 25[1] 28[6] 44[3] 103[1] 106[2] 212[6] 269[6] -1 10[1] 34[1] 44[1] 93[3] 106[2] 139[3] 177[4] 230[2] 270[1] -1 10[3] 44[4] 74[5] 93[2] 106[2] 118[2] 139[6] 212[3] 261[2] -1 -2  SUtility:309
28[3] 34[5] 103[3] 120[5] 132[2] 159[6] 208[6] 229[3] 270[1] -1 28[3] 44[1] 72[4] 120[4] 140[6] 169[3] 177[4] 212[4] 288[3] -1 2[1] 21[6] 28[6] 44[4] 120[3] 169[4] 177[1] 187[4] 212[3] -1 28[6] 120[1] 125[6] 132[6] 139[1] 169[1] 172[3] 270[4] 280[1] -1 9[4] 28[1] 34[1] 44[2] 88[4] 120[1] 169[6] 177[5] 212[3] -1 44[5] 55[3] 56[6] 74[1] 106[6] 120[1] 140[4] 148[1] 212[4] -1 -2  SUtility:185
34[5] 93[2] 103[4] 116[3] 120[4] 132[6] 186[5] 192[4] 212[1] -1 1[4] 13[1] 44[5] 45[6] 116[4] 120[4] 192[3] 212[5] 293[3] -1 28[6] 44[4] 72[6] 120[4] 140[6] 169[1] 177[6] 212[5] 288[5] -1 11[3] 93[3] 116[5] 120[3] 132[6] 169[3] 187[4] 212[4] 274[6] -1 -2  SUtility:149
1[4] 9[2] 44[5] 80[6] 93[1] 97[6] 169[2] 188[6] 212[6] -1 -2  SUtility:38
2[4] 21[1] 28[3] 44[1] 80[3] 169[1] 177[5] 187[6] 212[6] -1 11[6] 28[6] 80[3] 132[3] 137[5] 159[5] 169[5] 212[2] 261[5] -1 9[3] 34[3] 80[2] 103[1] 132[6] 133[4] 169[3] 212[6] 293[2] -1 28[1] 34[6] 80[3] 103[6] 132[5] 159[1] 208[4] 229[2] 270[2] -1 21[3] 39[3] 44[5] 80[4] 93[1] 97[5] 187[5] 212[2] 229[3] -1 -2  SUtility:161
10[2] 13[3] 28[1] 44[5] 46[5] 192[6] 212[3] 269[3] 280[1] -1 10[5] 28[3] 44[5] 140[2] 169[4] 177[6] 206[5] 212[3] 298[2] -1 3[4] 9[6] 10[5] 106[1] 132[2] 140[5] 172[2] 212[4] 248[1] -1 1[5] 3[2] 10[5] 11[2] 19[5] 106[3] 116[6] 132[4] 212[1] -1 1[4] 3[6] 9[6] 10[3] 11[2] 24[4] 106[6] 132[2] 270[6] -1 10[1] 11[6] 106[3] 132[5] 139[1] 253[3] 270[1] 280[3] 293[3] -1 10[2] 11[1] 106[3] 132[6] 159[4] 261[6] 270[4] 293[2] 317[1] -1 10[2] 47[1] 106[1] 132[4] 140[4] 159[3] 172[3] 270[6] 293[3] -1 10[2] 93[4] 106[1] 132[5] 140[2] 159[4] 172[3] 228[2] 270[5] -1 1[4] 10[5] 25[5] 28[1] 44[5] 103[4] 106[3] 212[6] 269[5] -1 10[1] 28[1] 44[3] 85[3] 140[4] 196[6] 212[4] 229[2] 296[5] -1 -2  SUtility:343
80[1] 132[1] 169[5] 216[6] 261[5] 270[1] 288[1] 293[3] 310[2] -1 56[5] 80[6] 93[2] 103[6] 132[1] 140[3] 166[5] 212[5] 229[1] -1 28[4] 44[6] 80[1] 140[3] 169[2] 177[3] 206[5] 212[2] 298[5] -1 1[5] 44[4] 80[3] 83[5] 93[4] 169[1] 177[6] 212[6] 236[1] -1 34[6] 44[6] 56[3] 80[1] 93[4] 169[6] 176[6] 177[4] 212[2] -1 9[6] 80[4] 132[1] 140[3] 169[4] 172[5] 270[4] 289[5] 293[4] -1 58[6] 80[3] 132[2] 139[2] 169[4] 178[1] 261[6] 270[6] 293[1] -1 56[4] 80[2] 124[1] 132[4] 140[6] 169[6] 172[1] 212[6] 293[1] -1 44[4] 80[2] 93[5] 97[1] 131[1] 140[2] 206[1] 212[6] 229[6] -1 -2  SUtility:289
7[2] 10[2] 28[4] 34[2] 103[1] 132[3] 192[3] 212[2] 288[5] -1 1[1] 10[5] 28[5] 132[2] 136[1] 172[6] 192[4] 212[2] 305[6] -1 10[2] 21[3] 39[3] 44[4] 93[5] 97[3] 187[3] 212[6] 229[5] -1 -2  SUtility:90
1[2] 28[2] 132[1] 136[4] 172[2] 192[1] 212[1] 223[6] 305[6] -1 1[4] 28[5] 44[2] 97[1] 212[2] 223[6] 229[6] 235[3] 288[3] -1 28[1] 44[3] 85[4] 140[4] 196[4] 212[3] 223[6] 229[1] 296[2] -1 28[2] 34[1] 44[1] 182[1] 212[3] 223[4] 229[6] 236[4] 296[6] -1 28[5] 34[5] 103[1] 132[6] 159[4] 208[5] 223[1] 229[2] 270[2] -1 -2  SUtility:144
